44
0 0 0 34 0 0 
0 0 0 34 0 0 
33 33 33 34 0 0 
0 0 31 32 32 0 
0 0 31 0 91 0 
0 35 35 35 91 0 


0 0 0 34 0 0 
0 0 0 34 0 0 
33 33 33 34 0 0 
0 0 31 32 32 0 
0 0 31 0 91 0 
35 35 35 0 91 0 


0 0 0 34 0 0 
0 0 0 34 0 0 
33 33 33 34 0 0 
0 0 31 0 32 32 
0 0 31 0 91 0 
35 35 35 0 91 0 


0 0 0 34 0 0 
0 0 0 34 0 0 
33 33 33 34 0 0 
0 0 31 0 32 32 
0 0 31 0 91 0 
35 35 35 0 91 0 


0 0 0 0 0 0 
0 0 0 34 0 0 
33 33 33 34 0 0 
0 0 31 34 32 32 
0 0 31 0 91 0 
35 35 35 0 91 0 


0 0 0 0 0 0 
0 0 0 0 0 0 
33 33 33 0 0 0 
0 0 31 34 32 32 
0 0 31 34 91 0 
35 35 35 34 91 0 


0 0 0 0 0 0 
0 0 0 0 0 0 
33 33 33 0 0 0 
0 0 31 34 32 32 
0 0 31 34 91 0 
35 35 35 34 91 0 


0 0 0 0 0 0 
0 0 0 0 0 0 
0 33 33 33 0 0 
0 0 31 34 32 32 
0 0 31 34 91 0 
35 35 35 34 91 0 


0 0 0 0 0 0 
0 0 0 0 0 0 
0 0 0 33 33 33 
0 0 31 34 32 32 
0 0 31 34 91 0 
35 35 35 34 91 0 


0 0 0 0 0 0 
0 0 0 0 0 0 
0 0 0 33 33 33 
0 0 31 34 32 32 
0 0 31 34 91 0 
35 35 35 34 91 0 


0 0 0 0 0 0 
0 0 0 0 0 0 
0 0 31 33 33 33 
0 0 31 34 32 32 
0 0 0 34 91 0 
35 35 35 34 91 0 


0 0 31 0 0 0 
0 0 31 0 0 0 
0 0 0 33 33 33 
0 0 0 34 32 32 
0 0 0 34 91 0 
35 35 35 34 91 0 


0 0 31 0 0 0 
0 0 31 0 0 0 
0 0 0 33 33 33 
0 0 0 34 32 32 
0 0 0 34 91 0 
35 35 35 34 91 0 


0 0 31 0 0 0 
0 0 31 0 0 0 
0 0 33 33 33 0 
0 0 0 34 32 32 
0 0 0 34 91 0 
35 35 35 34 91 0 


0 0 31 0 0 0 
0 0 31 0 0 0 
33 33 33 0 0 0 
0 0 0 34 32 32 
0 0 0 34 91 0 
35 35 35 34 91 0 


0 0 31 0 0 0 
0 0 31 0 0 0 
33 33 33 0 0 0 
0 0 0 34 32 32 
0 0 0 34 91 0 
35 35 35 34 91 0 


0 0 31 0 0 0 
0 0 31 0 0 0 
33 33 33 34 0 0 
0 0 0 34 32 32 
0 0 0 34 91 0 
35 35 35 0 91 0 


0 0 31 34 0 0 
0 0 31 34 0 0 
33 33 33 34 0 0 
0 0 0 0 32 32 
0 0 0 0 91 0 
35 35 35 0 91 0 


0 0 31 34 0 0 
0 0 31 34 0 0 
33 33 33 34 0 0 
0 0 0 0 32 32 
0 0 0 0 91 0 
35 35 35 0 91 0 


0 0 31 34 0 0 
0 0 31 34 0 0 
33 33 33 34 0 0 
0 0 0 32 32 0 
0 0 0 0 91 0 
35 35 35 0 91 0 


0 0 31 34 0 0 
0 0 31 34 0 0 
33 33 33 34 0 0 
0 0 32 32 0 0 
0 0 0 0 91 0 
35 35 35 0 91 0 


0 0 31 34 0 0 
0 0 31 34 0 0 
33 33 33 34 0 0 
32 32 0 0 0 0 
0 0 0 0 91 0 
35 35 35 0 91 0 


0 0 31 34 0 0 
0 0 31 34 0 0 
33 33 33 34 0 0 
32 32 0 0 0 0 
0 0 0 0 91 0 
35 35 35 0 91 0 


0 0 31 0 0 0 
0 0 31 34 0 0 
33 33 33 34 0 0 
32 32 0 34 0 0 
0 0 0 0 91 0 
35 35 35 0 91 0 


0 0 31 0 0 0 
0 0 31 0 0 0 
33 33 33 0 0 0 
32 32 0 34 0 0 
0 0 0 34 91 0 
35 35 35 34 91 0 


0 0 31 0 0 0 
0 0 31 0 0 0 
33 33 33 0 0 0 
32 32 0 34 0 0 
0 0 0 34 91 0 
35 35 35 34 91 0 


0 0 31 0 0 0 
0 0 31 0 0 0 
0 33 33 33 0 0 
32 32 0 34 0 0 
0 0 0 34 91 0 
35 35 35 34 91 0 


0 0 31 0 0 0 
0 0 31 0 0 0 
0 0 0 33 33 33 
32 32 0 34 0 0 
0 0 0 34 91 0 
35 35 35 34 91 0 


0 0 31 0 0 0 
0 0 31 0 0 0 
0 0 0 33 33 33 
32 32 0 34 0 0 
0 0 0 34 91 0 
35 35 35 34 91 0 


0 0 0 0 0 0 
0 0 31 0 0 0 
0 0 31 33 33 33 
32 32 0 34 0 0 
0 0 0 34 91 0 
35 35 35 34 91 0 


0 0 0 0 0 0 
0 0 0 0 0 0 
0 0 0 33 33 33 
32 32 31 34 0 0 
0 0 31 34 91 0 
35 35 35 34 91 0 


0 0 0 0 0 0 
0 0 0 0 0 0 
0 0 0 33 33 33 
32 32 31 34 0 0 
0 0 31 34 91 0 
35 35 35 34 91 0 


0 0 0 0 0 0 
0 0 0 0 0 0 
0 0 33 33 33 0 
32 32 31 34 0 0 
0 0 31 34 91 0 
35 35 35 34 91 0 


0 0 0 0 0 0 
0 0 0 0 0 0 
33 33 33 0 0 0 
32 32 31 34 0 0 
0 0 31 34 91 0 
35 35 35 34 91 0 


0 0 0 0 0 0 
0 0 0 0 0 0 
33 33 33 0 0 0 
32 32 31 34 0 0 
0 0 31 34 91 0 
35 35 35 34 91 0 


0 0 0 0 0 0 
0 0 0 0 0 0 
33 33 33 0 91 0 
32 32 31 34 91 0 
0 0 31 34 0 0 
35 35 35 34 0 0 


0 0 0 0 0 0 
0 0 0 0 0 0 
33 33 33 34 91 0 
32 32 31 34 91 0 
0 0 31 34 0 0 
35 35 35 0 0 0 


0 0 0 0 0 0 
0 0 0 0 0 0 
33 33 33 34 91 0 
32 32 31 34 91 0 
0 0 31 34 0 0 
35 35 35 0 0 0 


0 0 0 0 0 0 
0 0 0 0 0 0 
33 33 33 34 91 0 
32 32 31 34 91 0 
0 0 31 34 0 0 
0 35 35 35 0 0 


0 0 0 0 0 0 
0 0 0 0 0 0 
33 33 33 34 91 0 
32 32 31 34 91 0 
0 0 31 34 0 0 
0 0 0 35 35 35 


0 0 0 0 0 0 
0 0 0 0 0 0 
33 33 33 34 91 0 
32 32 31 34 91 0 
0 0 31 34 0 0 
0 0 0 35 35 35 


0 0 0 0 0 0 
0 0 0 0 0 0 
33 33 33 34 91 0 
32 32 31 34 91 0 
0 0 31 34 0 0 
0 0 0 35 35 35 


0 0 0 0 0 0 
0 0 0 0 0 0 
33 33 33 34 91 0 
32 32 0 34 91 0 
0 0 31 34 0 0 
0 0 31 35 35 35 


0 0 0 0 0 0 
0 0 0 0 0 0 
33 33 33 34 0 0 
32 32 0 34 91 0 
0 0 31 34 91 0 
0 0 31 35 35 35 


